{"cells":[{"cell_type":"code","execution_count":null,"id":"8f0c4eee","metadata":{"id":"8f0c4eee"},"outputs":[],"source":["import pandas as pd\n","import numpy as np\n","import math\n","from gurobipy import *"]},{"cell_type":"code","execution_count":null,"id":"a8ef3056","metadata":{"id":"a8ef3056"},"outputs":[],"source":["responses=pd.read_csv(\"responses.csv\")"]},{"cell_type":"code","execution_count":null,"id":"743cb81e","metadata":{"id":"743cb81e","outputId":"79f9a92e-f0e4-4b72-c486-8644aa1ae031"},"outputs":[{"data":{"text/html":["<div>\n","<style scoped>\n","    .dataframe tbody tr th:only-of-type {\n","        vertical-align: middle;\n","    }\n","\n","    .dataframe tbody tr th {\n","        vertical-align: top;\n","    }\n","\n","    .dataframe thead th {\n","        text-align: right;\n","    }\n","</style>\n","<table border=\"1\" class=\"dataframe\">\n","  <thead>\n","    <tr style=\"text-align: right;\">\n","      <th></th>\n","      <th>Timestamp</th>\n","      <th>Code name: (Cause we don't want to be biased)</th>\n","      <th>Area of interest:</th>\n","      <th>How important is getting matched to your 'Area of interest'?</th>\n","      <th>How do you rate yourself in programming skills?</th>\n","      <th>How important your teammate/mates be good in coding?</th>\n","      <th>How do you rate yourself in Mechanism design concepts?</th>\n","      <th>How important your teammate/mates be good in mechanism design?</th>\n","      <th>Preferred team size?</th>\n","      <th>How important is it to work in your preferred team size?</th>\n","    </tr>\n","  </thead>\n","  <tbody>\n","    <tr>\n","      <th>0</th>\n","      <td>2/22/2022 15:38:59</td>\n","      <td>popcorn</td>\n","      <td>Sports Analytics</td>\n","      <td>3</td>\n","      <td>4</td>\n","      <td>4</td>\n","      <td>2</td>\n","      <td>4</td>\n","      <td>2</td>\n","      <td>4</td>\n","    </tr>\n","    <tr>\n","      <th>1</th>\n","      <td>2/22/2022 15:46:20</td>\n","      <td>Sarf</td>\n","      <td>Wordle Solver</td>\n","      <td>3</td>\n","      <td>4</td>\n","      <td>2</td>\n","      <td>2</td>\n","      <td>3</td>\n","      <td>1</td>\n","      <td>4</td>\n","    </tr>\n","    <tr>\n","      <th>2</th>\n","      <td>2/22/2022 15:46:34</td>\n","      <td>Kyle Johnson</td>\n","      <td>Gerrymandering</td>\n","      <td>1</td>\n","      <td>3</td>\n","      <td>3</td>\n","      <td>3</td>\n","      <td>3</td>\n","      <td>3</td>\n","      <td>3</td>\n","    </tr>\n","    <tr>\n","      <th>3</th>\n","      <td>2/22/2022 15:51:43</td>\n","      <td>lalala</td>\n","      <td>Sports Analytics</td>\n","      <td>4</td>\n","      <td>4</td>\n","      <td>4</td>\n","      <td>4</td>\n","      <td>4</td>\n","      <td>1</td>\n","      <td>5</td>\n","    </tr>\n","    <tr>\n","      <th>4</th>\n","      <td>2/22/2022 17:48:57</td>\n","      <td>Ya Ling Su</td>\n","      <td>Sports Analytics</td>\n","      <td>3</td>\n","      <td>3</td>\n","      <td>5</td>\n","      <td>3</td>\n","      <td>5</td>\n","      <td>3</td>\n","      <td>4</td>\n","    </tr>\n","    <tr>\n","      <th>5</th>\n","      <td>2/22/2022 18:42:21</td>\n","      <td>Praveen</td>\n","      <td>Social Good</td>\n","      <td>4</td>\n","      <td>2</td>\n","      <td>5</td>\n","      <td>4</td>\n","      <td>3</td>\n","      <td>3</td>\n","      <td>4</td>\n","    </tr>\n","    <tr>\n","      <th>6</th>\n","      <td>2/22/2022 20:12:56</td>\n","      <td>mari</td>\n","      <td>Sports Analytics</td>\n","      <td>5</td>\n","      <td>3</td>\n","      <td>4</td>\n","      <td>2</td>\n","      <td>4</td>\n","      <td>3</td>\n","      <td>4</td>\n","    </tr>\n","    <tr>\n","      <th>7</th>\n","      <td>2/23/2022 16:06:52</td>\n","      <td>Weiyu Peng</td>\n","      <td>Sports Analytics</td>\n","      <td>4</td>\n","      <td>4</td>\n","      <td>4</td>\n","      <td>3</td>\n","      <td>4</td>\n","      <td>2</td>\n","      <td>4</td>\n","    </tr>\n","  </tbody>\n","</table>\n","</div>"],"text/plain":["            Timestamp Code name: (Cause we don't want to be biased)  \\\n","0  2/22/2022 15:38:59                                       popcorn   \n","1  2/22/2022 15:46:20                                          Sarf   \n","2  2/22/2022 15:46:34                                  Kyle Johnson   \n","3  2/22/2022 15:51:43                                        lalala   \n","4  2/22/2022 17:48:57                                    Ya Ling Su   \n","5  2/22/2022 18:42:21                                       Praveen   \n","6  2/22/2022 20:12:56                                          mari   \n","7  2/23/2022 16:06:52                                    Weiyu Peng   \n","\n","  Area of interest:  \\\n","0  Sports Analytics   \n","1     Wordle Solver   \n","2    Gerrymandering   \n","3  Sports Analytics   \n","4  Sports Analytics   \n","5       Social Good   \n","6  Sports Analytics   \n","7  Sports Analytics   \n","\n","   How important is getting matched to your 'Area of interest'?  \\\n","0                                                  3              \n","1                                                  3              \n","2                                                  1              \n","3                                                  4              \n","4                                                  3              \n","5                                                  4              \n","6                                                  5              \n","7                                                  4              \n","\n","   How do you rate yourself in programming skills?  \\\n","0                                                4   \n","1                                                4   \n","2                                                3   \n","3                                                4   \n","4                                                3   \n","5                                                2   \n","6                                                3   \n","7                                                4   \n","\n","   How important your teammate/mates be good in coding?  \\\n","0                                                  4      \n","1                                                  2      \n","2                                                  3      \n","3                                                  4      \n","4                                                  5      \n","5                                                  5      \n","6                                                  4      \n","7                                                  4      \n","\n","   How do you rate yourself in Mechanism design concepts?  \\\n","0                                                  2        \n","1                                                  2        \n","2                                                  3        \n","3                                                  4        \n","4                                                  3        \n","5                                                  4        \n","6                                                  2        \n","7                                                  3        \n","\n","   How important your teammate/mates be good in mechanism design?  \\\n","0                                                  4                \n","1                                                  3                \n","2                                                  3                \n","3                                                  4                \n","4                                                  5                \n","5                                                  3                \n","6                                                  4                \n","7                                                  4                \n","\n","   Preferred team size?  \\\n","0                     2   \n","1                     1   \n","2                     3   \n","3                     1   \n","4                     3   \n","5                     3   \n","6                     3   \n","7                     2   \n","\n","   How important is it to work in your preferred team size?  \n","0                                                  4         \n","1                                                  4         \n","2                                                  3         \n","3                                                  5         \n","4                                                  4         \n","5                                                  4         \n","6                                                  4         \n","7                                                  4         "]},"execution_count":3,"metadata":{},"output_type":"execute_result"}],"source":["responses"]},{"cell_type":"code","execution_count":null,"id":"d2f8b4ad","metadata":{"id":"d2f8b4ad"},"outputs":[],"source":["data=responses"]},{"cell_type":"code","execution_count":null,"id":"4b33124b","metadata":{"id":"4b33124b","outputId":"c5cfbed7-e4ee-46a9-add2-31adc7900f12"},"outputs":[{"data":{"text/plain":["(8, 10)"]},"execution_count":5,"metadata":{},"output_type":"execute_result"}],"source":["data.shape"]},{"cell_type":"code","execution_count":null,"id":"e5ac6467","metadata":{"id":"e5ac6467","outputId":"a54ad519-7708-4bb9-87d4-e358adce9a5f"},"outputs":[{"data":{"text/plain":["Timestamp                                                         object\n","Code name: (Cause we don't want to be biased)                     object\n","Area of interest:                                                 object\n","How important is getting matched to your 'Area of interest'?       int64\n","How do you rate yourself in programming skills?                    int64\n","How important your teammate/mates be good in coding?               int64\n","How do you rate yourself in Mechanism design concepts?             int64\n","How important your teammate/mates be good in mechanism design?     int64\n","Preferred team size?                                               int64\n","How important is it to work in your preferred team size?           int64\n","dtype: object"]},"execution_count":6,"metadata":{},"output_type":"execute_result"}],"source":["data.dtypes"]},{"cell_type":"code","execution_count":null,"id":"8d1095c1","metadata":{"id":"8d1095c1"},"outputs":[],"source":["col_names=[1,2,3,4,5,6,7,8,9,10]\n","data.set_axis(col_names, axis=1,inplace=True)"]},{"cell_type":"code","execution_count":null,"id":"a0d700fc","metadata":{"id":"a0d700fc","outputId":"042fd88c-ceb5-4d48-ba6c-b31a00ef5886"},"outputs":[{"data":{"text/plain":["8"]},"execution_count":8,"metadata":{},"output_type":"execute_result"}],"source":["n=data.shape[0]\n","n"]},{"cell_type":"code","execution_count":null,"id":"38c25f15","metadata":{"id":"38c25f15"},"outputs":[],"source":["comp=np.zeros(shape=(n,n)) #For compatibility values\n","w1=np.zeros(shape=n) # For compatibilty weightage of single teams\n","w2=np.zeros(shape=(n,n)) #For compatibilty weightage team of 2s\n","w3=np.zeros(shape=(n,n,n)) #For compatibitly weightage between team of 3s"]},{"cell_type":"code","execution_count":null,"id":"3d7b67a7","metadata":{"id":"3d7b67a7"},"outputs":[],"source":["weightage = {'1' : 1, '2': 5, '3':10 , '4':50, '5':250} #Weightage to the importance part of questions i.e 4,6,8,10"]},{"cell_type":"code","execution_count":null,"id":"0ccc0d8a","metadata":{"id":"0ccc0d8a"},"outputs":[],"source":["prob={4: 1,3:0.75,2:0.5,1:0.25,0:0.01} #Rewarding the teams with huge skill set difference"]},{"cell_type":"code","execution_count":null,"id":"7f580a3c","metadata":{"id":"7f580a3c"},"outputs":[],"source":["#Replace the rating of importance questions with our weightage matrix\n","for j in [4,6,8,10]:\n","    for i in range(n): \n","        if data.loc[i,j]==1:\n","            data.loc[i,j] = weightage['1']\n","        elif data.loc[i,j] == 2:\n","            data.loc[i,j] = weightage['2']\n","        elif data.loc[i,j] == 3:\n","            data.loc[i,j] = weightage['3']\n","        elif data.loc[i,j] == 4:\n","            data.loc[i,j] = weightage['4']\n","        elif data.loc[i,j] == 5:\n","            data.loc[i,j] = weightage['5'] "]},{"cell_type":"code","execution_count":null,"id":"92b2b429","metadata":{"id":"92b2b429","outputId":"61577975-b045-42bb-ce88-a8aab5ce0f99"},"outputs":[{"data":{"text/html":["<div>\n","<style scoped>\n","    .dataframe tbody tr th:only-of-type {\n","        vertical-align: middle;\n","    }\n","\n","    .dataframe tbody tr th {\n","        vertical-align: top;\n","    }\n","\n","    .dataframe thead th {\n","        text-align: right;\n","    }\n","</style>\n","<table border=\"1\" class=\"dataframe\">\n","  <thead>\n","    <tr style=\"text-align: right;\">\n","      <th></th>\n","      <th>1</th>\n","      <th>2</th>\n","      <th>3</th>\n","      <th>4</th>\n","      <th>5</th>\n","      <th>6</th>\n","      <th>7</th>\n","      <th>8</th>\n","      <th>9</th>\n","      <th>10</th>\n","    </tr>\n","  </thead>\n","  <tbody>\n","    <tr>\n","      <th>0</th>\n","      <td>2/22/2022 15:38:59</td>\n","      <td>popcorn</td>\n","      <td>Sports Analytics</td>\n","      <td>10</td>\n","      <td>4</td>\n","      <td>50</td>\n","      <td>2</td>\n","      <td>50</td>\n","      <td>2</td>\n","      <td>50</td>\n","    </tr>\n","    <tr>\n","      <th>1</th>\n","      <td>2/22/2022 15:46:20</td>\n","      <td>Sarf</td>\n","      <td>Wordle Solver</td>\n","      <td>10</td>\n","      <td>4</td>\n","      <td>5</td>\n","      <td>2</td>\n","      <td>10</td>\n","      <td>1</td>\n","      <td>50</td>\n","    </tr>\n","    <tr>\n","      <th>2</th>\n","      <td>2/22/2022 15:46:34</td>\n","      <td>Kyle Johnson</td>\n","      <td>Gerrymandering</td>\n","      <td>1</td>\n","      <td>3</td>\n","      <td>10</td>\n","      <td>3</td>\n","      <td>10</td>\n","      <td>3</td>\n","      <td>10</td>\n","    </tr>\n","    <tr>\n","      <th>3</th>\n","      <td>2/22/2022 15:51:43</td>\n","      <td>lalala</td>\n","      <td>Sports Analytics</td>\n","      <td>50</td>\n","      <td>4</td>\n","      <td>50</td>\n","      <td>4</td>\n","      <td>50</td>\n","      <td>1</td>\n","      <td>250</td>\n","    </tr>\n","    <tr>\n","      <th>4</th>\n","      <td>2/22/2022 17:48:57</td>\n","      <td>Ya Ling Su</td>\n","      <td>Sports Analytics</td>\n","      <td>10</td>\n","      <td>3</td>\n","      <td>250</td>\n","      <td>3</td>\n","      <td>250</td>\n","      <td>3</td>\n","      <td>50</td>\n","    </tr>\n","    <tr>\n","      <th>5</th>\n","      <td>2/22/2022 18:42:21</td>\n","      <td>Praveen</td>\n","      <td>Social Good</td>\n","      <td>50</td>\n","      <td>2</td>\n","      <td>250</td>\n","      <td>4</td>\n","      <td>10</td>\n","      <td>3</td>\n","      <td>50</td>\n","    </tr>\n","    <tr>\n","      <th>6</th>\n","      <td>2/22/2022 20:12:56</td>\n","      <td>mari</td>\n","      <td>Sports Analytics</td>\n","      <td>250</td>\n","      <td>3</td>\n","      <td>50</td>\n","      <td>2</td>\n","      <td>50</td>\n","      <td>3</td>\n","      <td>50</td>\n","    </tr>\n","    <tr>\n","      <th>7</th>\n","      <td>2/23/2022 16:06:52</td>\n","      <td>Weiyu Peng</td>\n","      <td>Sports Analytics</td>\n","      <td>50</td>\n","      <td>4</td>\n","      <td>50</td>\n","      <td>3</td>\n","      <td>50</td>\n","      <td>2</td>\n","      <td>50</td>\n","    </tr>\n","  </tbody>\n","</table>\n","</div>"],"text/plain":["                   1             2                 3    4   5    6   7    8   \\\n","0  2/22/2022 15:38:59       popcorn  Sports Analytics   10   4   50   2   50   \n","1  2/22/2022 15:46:20          Sarf     Wordle Solver   10   4    5   2   10   \n","2  2/22/2022 15:46:34  Kyle Johnson    Gerrymandering    1   3   10   3   10   \n","3  2/22/2022 15:51:43        lalala  Sports Analytics   50   4   50   4   50   \n","4  2/22/2022 17:48:57    Ya Ling Su  Sports Analytics   10   3  250   3  250   \n","5  2/22/2022 18:42:21       Praveen       Social Good   50   2  250   4   10   \n","6  2/22/2022 20:12:56          mari  Sports Analytics  250   3   50   2   50   \n","7  2/23/2022 16:06:52    Weiyu Peng  Sports Analytics   50   4   50   3   50   \n","\n","   9    10  \n","0   2   50  \n","1   1   50  \n","2   3   10  \n","3   1  250  \n","4   3   50  \n","5   3   50  \n","6   3   50  \n","7   2   50  "]},"execution_count":13,"metadata":{},"output_type":"execute_result"}],"source":["data"]},{"cell_type":"code","execution_count":null,"id":"f8bcd7ce","metadata":{"id":"f8bcd7ce","outputId":"ac583d9a-f15f-4867-edb7-d4e6d806c8bd"},"outputs":[{"data":{"text/plain":["array([[0.38125   , 0.00625   , 0.15625   , 0.221875  , 0.21875   ,\n","        0.3125    , 0.14375   , 0.45625   ],\n","       [0.002     , 0.802     , 0.05      , 0.734     , 0.05      ,\n","        0.1       , 0.018     , 0.034     ],\n","       [0.16129032, 0.16129032, 0.36129032, 0.16129032, 0.32903226,\n","        0.48387097, 0.40645161, 0.08387097],\n","       [0.18875   , 0.68875   , 0.0625    , 0.7525    , 0.1875    ,\n","        0.06375   , 0.21875   , 0.1575    ],\n","       [0.24107143, 0.22321429, 0.09821429, 0.24107143, 0.11607143,\n","        0.3125    , 0.22321429, 0.13392857],\n","       [0.36111111, 0.36111111, 0.31944444, 0.3475    , 0.31944444,\n","        0.285     , 0.32638889, 0.35416667],\n","       [0.6575    , 0.0325    , 0.1575    , 0.71875   , 0.7825    ,\n","        0.21875   , 0.7525    , 0.6875    ],\n","       [0.565     , 0.065     , 0.065     , 0.315     , 0.315     ,\n","        0.1875    , 0.375     , 0.505     ]])"]},"execution_count":17,"metadata":{},"output_type":"execute_result"}],"source":["#Compatibilty calculations\n","\n","for i in range(n):\n","    for j in range(n):\n","        num=0\n","        den=0\n","        for k in [3,9]:\n","            if data.loc[i,k]==data.loc[j,k]: #For focus area and team size num summation and denominator summation are same if same preferences\n","                num=data.loc[i,k+1]+num\n","            den=data.loc[i,k+1]+den\n","        for k in [5,7]: #For skill set difference \n","            diff=abs(data.loc[i,k]-data.loc[j,k])\n","            num=prob[diff]*data.loc[i,k+1]+num\n","            den=data.loc[i,k+1]+den\n","        comp[i,j]=num/den #Compatibility of i over j\n","                 \n","            \n","comp       "]},{"cell_type":"code","execution_count":null,"id":"5d1db585","metadata":{"id":"5d1db585","outputId":"e12c85a4-69ba-4b12-c228-787c80f8f81d"},"outputs":[{"data":{"text/plain":["array([[0.38125   , 0.00353553, 0.15875016, 0.20464336, 0.22963966,\n","        0.33592741, 0.30743394, 0.50772163],\n","       [0.00353553, 0.802     , 0.08980265, 0.71101512, 0.10564428,\n","        0.19002924, 0.02418677, 0.04701064],\n","       [0.15875016, 0.08980265, 0.36129032, 0.10040242, 0.17976559,\n","        0.39315378, 0.25301409, 0.07383504],\n","       [0.20464336, 0.71101512, 0.10040242, 0.7525    , 0.21260502,\n","        0.14883926, 0.39651805, 0.22273864],\n","       [0.22963966, 0.10564428, 0.17976559, 0.21260502, 0.11607143,\n","        0.31595314, 0.41792963, 0.20539596],\n","       [0.33592741, 0.19002924, 0.39315378, 0.14883926, 0.31595314,\n","        0.285     , 0.26720324, 0.2576941 ],\n","       [0.30743394, 0.02418677, 0.25301409, 0.39651805, 0.41792963,\n","        0.26720324, 0.7525    , 0.5077524 ],\n","       [0.50772163, 0.04701064, 0.07383504, 0.22273864, 0.20539596,\n","        0.2576941 , 0.5077524 , 0.505     ]])"]},"execution_count":18,"metadata":{},"output_type":"execute_result"}],"source":["#Weightage value for 2 persons scenarios\n","for i in range(n):\n","    for j in range(n):\n","        w2[i,j]=math.sqrt(comp[i,j]*comp[j,i])\n","w2"]},{"cell_type":"code","execution_count":null,"id":"986b1b11","metadata":{"id":"986b1b11"},"outputs":[],"source":["for i in range(n):\n","    for j in range(n):\n","        if(i==j):\n","            w1[i]=w2[i,j]"]},{"cell_type":"code","execution_count":null,"id":"c387588b","metadata":{"id":"c387588b","outputId":"df127b4d-b050-42e9-9796-63e645e56020"},"outputs":[{"data":{"text/plain":["array([0.38125   , 0.802     , 0.36129032, 0.7525    , 0.11607143,\n","       0.285     , 0.7525    , 0.505     ])"]},"execution_count":20,"metadata":{},"output_type":"execute_result"}],"source":["w1"]},{"cell_type":"code","execution_count":null,"id":"f263fe0a","metadata":{"id":"f263fe0a","outputId":"a2d1c757-5918-4214-f8ff-1d12efc305a4"},"outputs":[{"data":{"text/plain":["array([[[0.38125   , 0.01682829, 0.21259158, 0.25180735, 0.27191587,\n","         0.35040227, 0.33029689, 0.46148089],\n","        [0.01682829, 0.02156229, 0.03693908, 0.08012668, 0.04410109,\n","         0.06088453, 0.02973456, 0.04386239],\n","        [0.21259158, 0.03693908, 0.20881493, 0.1483037 , 0.18713537,\n","         0.27574481, 0.2311374 , 0.18121777],\n","        [0.25180735, 0.08012668, 0.1483037 , 0.31586435, 0.21538032,\n","         0.21709686, 0.29219367, 0.28497469],\n","        [0.27191587, 0.04410109, 0.18713537, 0.21538032, 0.18292499,\n","         0.28993791, 0.30900627, 0.28824038],\n","        [0.35040227, 0.06088453, 0.27574481, 0.21709686, 0.28993791,\n","         0.31801327, 0.3021897 , 0.35290558],\n","        [0.33029689, 0.02973456, 0.2311374 , 0.29219367, 0.30900627,\n","         0.3021897 , 0.41432077, 0.42954614],\n","        [0.46148089, 0.04386239, 0.18121777, 0.28497469, 0.28824038,\n","         0.35290558, 0.42954614, 0.50681279]],\n","\n","       [[0.01682829, 0.02156229, 0.03693908, 0.08012668, 0.04410109,\n","         0.06088453, 0.02973456, 0.04386239],\n","        [0.02156229, 0.802     , 0.18631632, 0.74013455, 0.20762937,\n","         0.30709429, 0.07770401, 0.12101955],\n","        [0.03693908, 0.18631632, 0.14282741, 0.18576792, 0.11947597,\n","         0.1886068 , 0.08191006, 0.06780306],\n","        [0.08012668, 0.74013455, 0.18576792, 0.72458286, 0.25182535,\n","         0.27193947, 0.1896298 , 0.1952646 ],\n","        [0.04410109, 0.20762937, 0.11947597, 0.25182535, 0.10901153,\n","         0.18510992, 0.10221368, 0.10066489],\n","        [0.06088453, 0.30709429, 0.1886068 , 0.27193947, 0.18510992,\n","         0.21751802, 0.10708945, 0.13204046],\n","        [0.02973456, 0.07770401, 0.08191006, 0.1896298 , 0.10221368,\n","         0.10708945, 0.07607129, 0.08326747],\n","        [0.04386239, 0.12101955, 0.06780306, 0.1952646 , 0.10066489,\n","         0.13204046, 0.08326747, 0.10372765]],\n","\n","       [[0.21259158, 0.03693908, 0.20881493, 0.1483037 , 0.18713537,\n","         0.27574481, 0.2311374 , 0.18121777],\n","        [0.03693908, 0.18631632, 0.14282741, 0.18576792, 0.11947597,\n","         0.1886068 , 0.08191006, 0.06780306],\n","        [0.20881493, 0.14282741, 0.36129032, 0.15385616, 0.22685925,\n","         0.38223203, 0.28491496, 0.1253508 ],\n","        [0.1483037 , 0.18576792, 0.15385616, 0.196486  , 0.15655781,\n","         0.18044355, 0.21596528, 0.11819545],\n","        [0.18713537, 0.11947597, 0.22685925, 0.15655781, 0.15537441,\n","         0.28159865, 0.2668813 , 0.13969697],\n","        [0.27574481, 0.1886068 , 0.38223203, 0.18044355, 0.28159865,\n","         0.35317497, 0.29843491, 0.19557341],\n","        [0.2311374 , 0.08191006, 0.28491496, 0.21596528, 0.2668813 ,\n","         0.29843491, 0.36385804, 0.2116832 ],\n","        [0.18121777, 0.06780306, 0.1253508 , 0.11819545, 0.13969697,\n","         0.19557341, 0.2116832 , 0.14015399]],\n","\n","       [[0.25180735, 0.08012668, 0.1483037 , 0.31586435, 0.21538032,\n","         0.21709686, 0.29219367, 0.28497469],\n","        [0.08012668, 0.74013455, 0.18576792, 0.72458286, 0.25182535,\n","         0.27193947, 0.1896298 , 0.1952646 ],\n","        [0.1483037 , 0.18576792, 0.15385616, 0.196486  , 0.15655781,\n","         0.18044355, 0.21596528, 0.11819545],\n","        [0.31586435, 0.72458286, 0.196486  , 0.7525    , 0.3240046 ,\n","         0.25545466, 0.49092009, 0.33422008],\n","        [0.21538032, 0.25182535, 0.15655781, 0.3240046 , 0.17376306,\n","         0.2154292 , 0.32782838, 0.21346187],\n","        [0.21709686, 0.27193947, 0.18044355, 0.25545466, 0.2154292 ,\n","         0.18482468, 0.25076912, 0.20442743],\n","        [0.29219367, 0.1896298 , 0.21596528, 0.49092009, 0.32782838,\n","         0.25076912, 0.49092009, 0.35527951],\n","        [0.28497469, 0.1952646 , 0.11819545, 0.33422008, 0.21346187,\n","         0.20442743, 0.35527951, 0.29261337]],\n","\n","       [[0.27191587, 0.04410109, 0.18713537, 0.21538032, 0.18292499,\n","         0.28993791, 0.30900627, 0.28824038],\n","        [0.04410109, 0.20762937, 0.11947597, 0.25182535, 0.10901153,\n","         0.18510992, 0.10221368, 0.10066489],\n","        [0.18713537, 0.11947597, 0.22685925, 0.15655781, 0.15537441,\n","         0.28159865, 0.2668813 , 0.13969697],\n","        [0.21538032, 0.25182535, 0.15655781, 0.3240046 , 0.17376306,\n","         0.2154292 , 0.32782838, 0.21346187],\n","        [0.18292499, 0.10901153, 0.15537441, 0.17376306, 0.11607143,\n","         0.22628559, 0.2726741 , 0.16981252],\n","        [0.28993791, 0.18510992, 0.28159865, 0.2154292 , 0.22628559,\n","         0.30527887, 0.32798641, 0.2557249 ],\n","        [0.30900627, 0.10221368, 0.2668813 , 0.32782838, 0.2726741 ,\n","         0.32798641, 0.50843754, 0.35192411],\n","        [0.28824038, 0.10066489, 0.13969697, 0.21346187, 0.16981252,\n","         0.2557249 , 0.35192411, 0.27722032]],\n","\n","       [[0.35040227, 0.06088453, 0.27574481, 0.21709686, 0.28993791,\n","         0.31801327, 0.3021897 , 0.35290558],\n","        [0.06088453, 0.30709429, 0.1886068 , 0.27193947, 0.18510992,\n","         0.21751802, 0.10708945, 0.13204046],\n","        [0.27574481, 0.1886068 , 0.38223203, 0.18044355, 0.28159865,\n","         0.35317497, 0.29843491, 0.19557341],\n","        [0.21709686, 0.27193947, 0.18044355, 0.25545466, 0.2154292 ,\n","         0.18482468, 0.25076912, 0.20442743],\n","        [0.28993791, 0.18510992, 0.28159865, 0.2154292 , 0.22628559,\n","         0.30527887, 0.32798641, 0.2557249 ],\n","        [0.31801327, 0.21751802, 0.35317497, 0.18482468, 0.30527887,\n","         0.285     , 0.27300845, 0.26649226],\n","        [0.3021897 , 0.10708945, 0.29843491, 0.25076912, 0.32798641,\n","         0.27300845, 0.37733751, 0.32698869],\n","        [0.35290558, 0.13204046, 0.19557341, 0.20442743, 0.2557249 ,\n","         0.26649226, 0.32698869, 0.32247801]],\n","\n","       [[0.33029689, 0.02973456, 0.2311374 , 0.29219367, 0.30900627,\n","         0.3021897 , 0.41432077, 0.42954614],\n","        [0.02973456, 0.07770401, 0.08191006, 0.1896298 , 0.10221368,\n","         0.10708945, 0.07607129, 0.08326747],\n","        [0.2311374 , 0.08191006, 0.28491496, 0.21596528, 0.2668813 ,\n","         0.29843491, 0.36385804, 0.2116832 ],\n","        [0.29219367, 0.1896298 , 0.21596528, 0.49092009, 0.32782838,\n","         0.25076912, 0.49092009, 0.35527951],\n","        [0.30900627, 0.10221368, 0.2668813 , 0.32782838, 0.2726741 ,\n","         0.32798641, 0.50843754, 0.35192411],\n","        [0.3021897 , 0.10708945, 0.29843491, 0.25076912, 0.32798641,\n","         0.27300845, 0.37733751, 0.32698869],\n","        [0.41432077, 0.07607129, 0.36385804, 0.49092009, 0.50843754,\n","         0.37733751, 0.7525    , 0.57889992],\n","        [0.42954614, 0.08326747, 0.2116832 , 0.35527951, 0.35192411,\n","         0.32698869, 0.57889992, 0.50683327]],\n","\n","       [[0.46148089, 0.04386239, 0.18121777, 0.28497469, 0.28824038,\n","         0.35290558, 0.42954614, 0.50681279],\n","        [0.04386239, 0.12101955, 0.06780306, 0.1952646 , 0.10066489,\n","         0.13204046, 0.08326747, 0.10372765],\n","        [0.18121777, 0.06780306, 0.1253508 , 0.11819545, 0.13969697,\n","         0.19557341, 0.2116832 , 0.14015399],\n","        [0.28497469, 0.1952646 , 0.11819545, 0.33422008, 0.21346187,\n","         0.20442743, 0.35527951, 0.29261337],\n","        [0.28824038, 0.10066489, 0.13969697, 0.21346187, 0.16981252,\n","         0.2557249 , 0.35192411, 0.27722032],\n","        [0.35290558, 0.13204046, 0.19557341, 0.20442743, 0.2557249 ,\n","         0.26649226, 0.32698869, 0.32247801],\n","        [0.42954614, 0.08326747, 0.2116832 , 0.35527951, 0.35192411,\n","         0.32698869, 0.57889992, 0.50683327],\n","        [0.50681279, 0.10372765, 0.14015399, 0.29261337, 0.27722032,\n","         0.32247801, 0.50683327, 0.505     ]]])"]},"execution_count":21,"metadata":{},"output_type":"execute_result"}],"source":["#Final weight matrix\n","for i in range(n):\n","    for j in range(n):\n","        for k in range(n):\n","            w3[i,j,k]=(w2[i,j]*w2[j,k]*w2[i,k])**(1./3.)\n","w3"]},{"cell_type":"code","execution_count":null,"id":"8b1917d0","metadata":{"id":"8b1917d0","outputId":"0a48f0a2-41d2-41fd-840c-fa32d4bebb5a"},"outputs":[{"name":"stdout","output_type":"stream","text":["Restricted license - for non-production use only - expires 2023-10-25\n"]}],"source":["model = Model('Teams')"]},{"cell_type":"code","execution_count":null,"id":"945cea8a","metadata":{"id":"945cea8a"},"outputs":[],"source":["# Variables: x_{i} binary representing whether person i is in a single person team\n","#x = model.addVars([i for i in range(n)] ,vtype = GRB.BINARY, name = 'x')\n","# Variables: y_{i,j} binary representing whether persons i,j are in a two people team\n","#y = model.addVars([(i,j) for i in range(n) for j in range(n)], vtype = GRB.BINARY, name = 'y')\n","# Variables: z_{i,j,k} binary representing whether persons i,j,k are in a thre people team\n","#z = model.addVars([(i,j,k) for i in range(n) for j in range(n) for k in range(n)], vtype = GRB.BINARY, name = 'z')"]},{"cell_type":"code","execution_count":null,"id":"a41e4650","metadata":{"id":"a41e4650"},"outputs":[],"source":["# Constraint: Each person can be matched to at only one team\n","#c1 = model.addConstrs(x[i]+quicksum(y[i,j] for j in range(n))+quicksum(z[i,j,k] for j in range(n) for k in range(n)) == 1 for i in range(n))"]},{"cell_type":"code","execution_count":null,"id":"9ff8c9a6","metadata":{"id":"9ff8c9a6"},"outputs":[],"source":["# Objective: Maximize total weightage\n","#model.setObjective(quicksum(x[i]* w1[i] for i in range(n)) + quicksum(y[i,j]* w2[i,j] for i in range(n) for j in range(n)) + quicksum(z[i,j,k]* w3[i,j,k] for i in range(n) for j in range(n) for k in range(n)), GRB.MAXIMIZE)"]},{"cell_type":"code","execution_count":null,"id":"286b84e0","metadata":{"id":"286b84e0"},"outputs":[],"source":["# Variables: x_{i,j,k} binary representing whether persons i,j,k are in a thre people team\n","x = model.addVars([(i,j,k) for i in range(n) for j in range(n) for k in range(n)], vtype = GRB.BINARY, name = 'x')"]},{"cell_type":"code","execution_count":null,"id":"bddd7246","metadata":{"id":"bddd7246"},"outputs":[],"source":["# Constraint: Each person can be matched to at only one team\n","c1 = model.addConstrs(quicksum(x[i,j,k] for j in range(n) for k in range(n)) == 1 for i in range(n))\n","c2 = model.addConstrs(quicksum(x[i,j,k] for i in range(n) for k in range(n)) == 1 for j in range(n))\n","c3 = model.addConstrs(quicksum(x[i,j,k] for i in range(n) for j in range(n)) == 1 for k in range(n))"]},{"cell_type":"code","execution_count":null,"id":"87930fc7","metadata":{"id":"87930fc7"},"outputs":[],"source":["# Constraint equations needs to be rechecked."]},{"cell_type":"code","execution_count":null,"id":"b23de0e4","metadata":{"id":"b23de0e4"},"outputs":[],"source":["# Objective: Maximize total weightage\n","model.setObjective(quicksum(x[i,j,k]* w3[i,j,k] for i in range(n) for j in range(n) for k in range(n)), GRB.MAXIMIZE)"]},{"cell_type":"code","execution_count":null,"id":"fdc3f943","metadata":{"id":"fdc3f943"},"outputs":[],"source":["model.params.outputflag = 0\n","model.optimize()\n","model.Params.LogToConsole = 0\n"]},{"cell_type":"code","execution_count":null,"id":"62065f00","metadata":{"id":"62065f00"},"outputs":[],"source":["teams=[]\n","for v in model.getVars():\n","  if v.X > 0:\n","    teams.append(v.varName[2:-1].split(','))\n","    #print(v.varName,v.X)"]},{"cell_type":"code","execution_count":null,"id":"fce8d0dd","metadata":{"id":"fce8d0dd","outputId":"737cb2b2-4466-4e5e-bc5c-a202b36c08cf"},"outputs":[{"data":{"text/plain":["[['0', '7', '0'],\n"," ['1', '1', '1'],\n"," ['2', '2', '2'],\n"," ['3', '3', '3'],\n"," ['4', '5', '4'],\n"," ['5', '4', '5'],\n"," ['6', '6', '6'],\n"," ['7', '0', '7']]"]},"execution_count":31,"metadata":{},"output_type":"execute_result"}],"source":["teams"]},{"cell_type":"code","execution_count":null,"id":"bbb9170d","metadata":{"id":"bbb9170d"},"outputs":[],"source":["#printing a final output with names would look better!"]}],"metadata":{"kernelspec":{"display_name":"Python 3","language":"python","name":"python3"},"language_info":{"codemirror_mode":{"name":"ipython","version":3},"file_extension":".py","mimetype":"text/x-python","name":"python","nbconvert_exporter":"python","pygments_lexer":"ipython3","version":"3.8.8"},"colab":{"name":"HW3_1_Teammate matching.ipynb","provenance":[]}},"nbformat":4,"nbformat_minor":5}